"""
Fixed benchmark instances for UAV Pipeline Inspection GA
Koordinatlar 0.6 scale ile küçültüldü (S3 hariç - orijinal baseline).
"""

from dogrufixedbataryafull import Instance

# Instance S1: |P|=3, |D|=2, K=2, Q=40 [scale=0.6]
def build_instance_S1():
    dist = [
        [0.00, 20.37, 8.07, 20.96, 16.48, 8.00],
        [20.37, 0.00, 14.45, 18.37, 7.32, 12.37],
        [8.07, 14.45, 0.00, 13.54, 8.92, 4.84],
        [20.96, 18.37, 13.54, 0.00, 11.54, 17.41],
        [16.48, 7.32, 8.92, 11.54, 0.00, 9.37],
        [8.00, 12.37, 4.84, 17.41, 9.37, 0.00]
    ]
    return Instance(
        n_nodes=6, n_uav=2, n_pipeline=3, n_docks=2,
        dist=dist, travel_cost=1.0, Q=40.0, R=40.0,
        q=[0.0, 3.0, 3.0, 3.0, 0.0, 0.0],
        fixed_cost=[0.0, 0.0, 0.0, 0.0, 35.0, 29.9]
    )

# Instance S2: |P|=4, |D|=2, K=2, Q=40 [scale=0.6]
def build_instance_S2():
    dist = [
        [0.00, 11.54, 25.97, 22.59, 20.30, 18.05, 9.00],
        [11.54, 0.00, 14.90, 12.06, 14.26, 6.71, 3.00],
        [25.97, 14.90, 0.00, 12.83, 13.42, 10.63, 16.99],
        [22.59, 12.06, 12.83, 0.00, 21.64, 5.91, 15.05],
        [20.30, 14.26, 13.42, 21.64, 0.00, 16.21, 13.81],
        [18.05, 6.71, 10.63, 5.91, 16.21, 0.00, 9.67],
        [9.00, 3.00, 16.99, 15.05, 13.81, 9.67, 0.00]
    ]
    return Instance(
        n_nodes=7, n_uav=2, n_pipeline=4, n_docks=2,
        dist=dist, travel_cost=1.0, Q=40.0, R=40.0,
        q=[0.0, 3.0, 3.0, 3.0, 3.0, 0.0, 0.0],
        fixed_cost=[0.0, 0.0, 0.0, 0.0, 0.0, 29.0, 15.9]
    )

# Instance S3: |P|=4, |D|=3, K=2, Q=40 [baseline, no scale]
def build_instance_S3():
    dist = [
        [0.00, 11.18, 20.10, 31.62, 25.00, 14.42, 25.50, 24.08],
        [11.18, 0.00, 10.20, 20.62, 15.13, 3.61, 15.13, 13.93],
        [20.10, 10.20, 0.00, 10.77, 18.44, 8.06, 5.10, 14.87],
        [31.62, 20.62, 10.77, 0.00, 18.03, 18.44, 5.39, 14.56],
        [25.00, 15.13, 18.44, 18.03, 0.00, 12.37, 17.69, 4.47],
        [14.42, 3.61, 8.06, 18.44, 12.37, 0.00, 13.15, 10.63],
        [25.50, 15.13, 5.10, 5.39, 17.69, 13.15, 0.00, 13.45],
        [24.08, 13.93, 14.87, 14.56, 4.47, 10.63, 13.45, 0.00],
    ]
    return Instance(
        n_nodes=8, n_uav=2, n_pipeline=4, n_docks=3,
        dist=dist, travel_cost=1.0, Q=40.0, R=30.0,
        q=[0.0, 3.0, 3.0, 3.0, 3.0, 0.0, 0.0, 0.0],
        fixed_cost=[0.0, 0.0, 0.0, 0.0, 0.0, 20.0, 15.0, 30.0]
    )

# Instance M1: |P|=6, |D|=3, K=2, Q=60 [scale=0.6]
def build_instance_M1():
    dist = [
        [0.00, 9.37, 14.65, 31.68, 35.64, 19.39, 23.00, 22.03, 23.89, 12.83],
        [9.37, 0.00, 6.12, 22.32, 26.65, 10.87, 17.32, 12.92, 14.82, 6.49],
        [14.65, 6.12, 0.00, 18.28, 21.00, 10.73, 12.07, 10.87, 12.61, 10.48],
        [31.68, 22.32, 18.28, 0.00, 10.48, 13.99, 22.49, 10.32, 8.86, 21.00],
        [35.64, 26.65, 21.00, 10.48, 0.00, 21.81, 18.97, 18.09, 17.40, 27.70],
        [19.39, 10.87, 10.73, 13.99, 21.81, 0.00, 21.64, 3.79, 5.16, 7.22],
        [23.00, 17.32, 12.07, 22.49, 18.97, 21.64, 0.00, 20.16, 21.31, 22.55],
        [22.03, 12.92, 10.87, 10.32, 18.09, 3.79, 20.16, 0.00, 1.90, 10.68],
        [23.89, 14.82, 12.61, 8.86, 17.40, 5.16, 21.31, 1.90, 0.00, 12.31],
        [12.83, 6.49, 10.48, 21.00, 27.70, 7.22, 22.55, 10.68, 12.31, 0.00]
    ]
    return Instance(
        n_nodes=10, n_uav=2, n_pipeline=6, n_docks=3,
        dist=dist, travel_cost=1.0, Q=60.0, R=60.0,
        q=[0.0, 3.0, 3.0, 3.0, 3.0, 3.0, 3.0, 0.0, 0.0, 0.0],
        fixed_cost=[0.0, 0.0, 0.0, 0.0, 0.0, 0.0, 0.0, 30.4, 34.4, 29.3]
    )

# Instance M2: |P|=8, |D|=4, K=3, Q=60 [scale=0.6]
def build_instance_M2():
    dist = [
        [0.00, 36.40, 19.13, 34.49, 24.96, 41.79, 39.22, 34.78, 32.02, 13.96, 14.86, 18.05, 19.94],
        [36.40, 0.00, 22.77, 19.35, 11.46, 33.02, 13.92, 4.33, 5.13, 23.41, 26.36, 18.61, 31.68],
        [19.13, 22.77, 0.00, 15.37, 13.21, 24.10, 20.87, 19.53, 17.65, 6.84, 4.57, 8.36, 9.37],
        [34.49, 19.35, 15.37, 0.00, 18.09, 13.85, 8.36, 15.04, 15.75, 21.28, 19.81, 19.59, 19.53],
        [24.96, 11.46, 13.21, 18.09, 0.00, 31.29, 17.81, 10.20, 7.25, 12.13, 15.84, 7.22, 22.59],
        [41.79, 33.02, 24.10, 13.85, 31.29, 0.00, 20.16, 28.76, 29.60, 30.93, 27.37, 30.97, 22.52],
        [39.22, 13.92, 20.87, 8.36, 17.81, 20.16, 0.00, 10.22, 12.37, 25.31, 25.43, 22.13, 27.01],
        [34.78, 4.33, 19.53, 15.04, 10.20, 28.76, 10.22, 0.00, 3.00, 21.21, 23.47, 16.74, 28.09],
        [32.02, 5.13, 17.65, 15.75, 7.25, 29.60, 12.37, 3.00, 0.00, 18.64, 21.31, 14.01, 26.57],
        [13.96, 23.41, 6.84, 21.28, 12.13, 30.93, 25.31, 21.21, 18.64, 0.00, 5.37, 4.95, 13.71],
        [14.86, 26.36, 4.57, 19.81, 15.84, 27.37, 25.43, 23.47, 21.31, 5.37, 0.00, 9.37, 8.36],
        [18.05, 18.61, 8.36, 19.59, 7.22, 30.97, 22.13, 16.74, 14.01, 4.95, 9.37, 0.00, 17.16],
        [19.94, 31.68, 9.37, 19.53, 22.59, 22.52, 27.01, 28.09, 26.57, 13.71, 8.36, 17.16, 0.00]
    ]
    return Instance(
        n_nodes=13, n_uav=3, n_pipeline=8, n_docks=4,
        dist=dist, travel_cost=1.0, Q=60.0, R=60.0,
        q=[0.0, 3.0, 3.0, 3.0, 3.0, 3.0, 3.0, 3.0, 3.0, 0.0, 0.0, 0.0, 0.0],
        fixed_cost=[0.0, 0.0, 0.0, 0.0, 0.0, 0.0, 0.0, 0.0, 0.0, 29.6, 26.3, 27.5, 16.2]
    )

# Instance M3: |P|=10, |D|=4, K=3, Q=70 [scale=0.6]
def build_instance_M3():
    dist = [
        [0.00, 24.69, 43.87, 55.62, 51.13, 31.15, 36.18, 43.08, 41.37, 44.12, 34.54, 15.48, 32.75, 37.34, 17.44],
        [24.69, 0.00, 23.58, 32.79, 31.58, 8.16, 31.32, 33.65, 27.53, 30.48, 29.16, 13.32, 8.16, 16.16, 11.06],
        [43.87, 23.58, 0.00, 13.28, 8.00, 25.26, 24.72, 20.41, 12.15, 13.48, 23.41, 28.45, 18.01, 7.42, 26.43],
        [55.62, 32.79, 13.28, 0.00, 11.38, 31.32, 37.24, 31.48, 24.00, 24.19, 36.18, 40.57, 25.24, 18.37, 38.33],
        [51.13, 31.58, 8.00, 11.38, 0.00, 33.00, 26.95, 20.41, 13.68, 13.21, 26.21, 35.64, 25.83, 15.43, 33.78],
        [31.15, 8.16, 25.26, 31.32, 33.00, 0.00, 38.19, 39.31, 32.23, 34.99, 36.06, 21.42, 7.30, 18.36, 19.21],
        [36.18, 31.32, 24.72, 37.24, 26.95, 38.19, 0.00, 8.49, 13.32, 14.05, 2.16, 24.01, 32.42, 24.74, 24.10],
        [43.08, 33.65, 20.41, 31.48, 20.41, 39.31, 8.49, 0.00, 8.34, 7.30, 9.16, 29.41, 32.64, 22.93, 28.86],
        [41.37, 27.53, 12.15, 24.00, 13.68, 32.23, 13.32, 8.34, 0.00, 3.00, 12.53, 26.38, 25.24, 14.90, 25.19],
        [44.12, 30.48, 13.48, 24.19, 13.21, 34.99, 14.05, 7.30, 3.00, 0.00, 13.70, 29.26, 27.91, 17.31, 28.12],
        [34.54, 29.16, 23.41, 36.18, 26.21, 36.06, 2.16, 9.16, 12.53, 13.70, 0.00, 22.00, 30.36, 22.97, 22.01],
        [15.48, 13.32, 28.45, 40.57, 35.64, 21.42, 24.01, 29.41, 26.38, 29.26, 22.00, 0.00, 20.03, 22.21, 2.47],
        [32.75, 8.16, 18.01, 25.24, 25.83, 7.30, 32.42, 32.64, 25.24, 27.91, 30.36, 20.03, 0.00, 11.06, 17.56],
        [37.34, 16.16, 7.42, 18.37, 15.43, 18.36, 24.74, 22.93, 14.90, 17.31, 22.97, 22.21, 11.06, 0.00, 19.98],
        [17.44, 11.06, 26.43, 38.33, 33.78, 19.21, 24.10, 28.86, 25.19, 28.12, 22.01, 2.47, 17.56, 19.98, 0.00]
    ]
    return Instance(
        n_nodes=15, n_uav=3, n_pipeline=10, n_docks=4,
        dist=dist, travel_cost=1.0, Q=70.0, R=70.0,
        q=[0.0, 3.0, 3.0, 3.0, 3.0, 3.0, 3.0, 3.0, 3.0, 3.0, 3.0, 0.0, 0.0, 0.0, 0.0],
        fixed_cost=[0.0, 0.0, 0.0, 0.0, 0.0, 0.0, 0.0, 0.0, 0.0, 0.0, 0.0, 15.3, 20.4, 31.1, 14.4]
    )

# Instance L1: |P|=12, |D|=5, K=4, Q=80 [scale=0.6]
def build_instance_L1():
    dist = [
        [0.00, 16.55, 27.48, 61.10, 49.94, 16.21, 50.92, 40.61, 43.87, 34.79, 46.74, 43.63, 46.35, 24.36, 27.79, 12.31, 23.89, 32.95],
        [16.55, 0.00, 11.79, 44.78, 33.62, 12.37, 36.60, 24.42, 33.79, 18.83, 30.97, 27.66, 31.66, 8.36, 16.51, 4.33, 9.00, 21.10],
        [27.48, 11.79, 0.00, 36.56, 25.81, 22.87, 33.35, 13.21, 36.13, 7.32, 19.32, 16.16, 19.94, 9.67, 21.00, 15.94, 3.84, 12.31],
        [61.10, 44.78, 36.56, 0.00, 11.16, 48.94, 19.21, 25.55, 35.65, 30.58, 25.38, 25.21, 31.66, 36.73, 37.61, 48.84, 40.27, 42.35],
        [49.94, 33.62, 25.81, 11.16, 0.00, 38.16, 15.14, 16.38, 29.20, 20.48, 18.83, 17.28, 25.24, 25.58, 27.37, 37.68, 29.42, 33.02],
        [16.21, 12.37, 22.87, 48.94, 38.16, 0.00, 36.02, 33.65, 27.66, 28.90, 40.74, 37.19, 42.60, 14.71, 12.35, 10.62, 20.96, 33.40],
        [50.92, 36.60, 33.35, 19.21, 15.14, 36.02, 0.00, 28.81, 16.60, 30.76, 33.14, 30.84, 39.26, 28.43, 23.67, 39.73, 36.08, 43.64],
        [40.61, 24.42, 13.21, 25.55, 16.38, 33.65, 28.81, 0.00, 37.61, 5.94, 7.20, 3.60, 11.32, 18.95, 27.32, 28.73, 16.99, 16.84],
        [43.87, 33.79, 36.13, 35.65, 29.20, 27.66, 16.60, 37.61, 0.00, 36.93, 43.77, 40.65, 48.92, 27.64, 17.32, 35.31, 37.36, 48.26],
        [34.79, 18.83, 7.32, 30.58, 20.48, 28.90, 30.76, 5.94, 36.93, 0.00, 12.15, 8.86, 13.92, 14.41, 24.30, 23.09, 11.06, 12.95],
        [46.74, 30.97, 19.32, 25.38, 18.83, 40.74, 33.14, 7.20, 43.77, 12.15, 0.00, 3.60, 6.46, 26.05, 34.46, 35.22, 22.85, 18.78],
        [43.63, 27.66, 16.16, 25.21, 17.28, 37.19, 30.84, 3.60, 40.65, 8.86, 3.60, 0.00, 8.49, 22.49, 30.89, 31.94, 19.81, 17.47],
        [46.35, 31.66, 19.94, 31.66, 25.24, 42.60, 39.26, 11.32, 48.92, 13.92, 6.46, 8.49, 0.00, 28.30, 37.99, 35.66, 22.85, 15.27],
        [24.36, 8.36, 9.67, 36.73, 25.58, 14.71, 28.43, 18.95, 27.64, 14.41, 26.05, 22.49, 28.30, 0.00, 11.46, 12.15, 9.84, 21.84],
        [27.79, 16.51, 21.00, 37.61, 27.37, 12.35, 23.67, 27.32, 17.32, 24.30, 34.46, 30.89, 37.99, 11.46, 0.00, 18.09, 21.23, 33.27],
        [12.31, 4.33, 15.94, 48.84, 37.68, 10.62, 39.73, 28.73, 35.31, 23.09, 35.22, 31.94, 35.66, 12.15, 18.09, 0.00, 12.83, 24.19],
        [23.89, 9.00, 3.84, 40.27, 29.42, 20.96, 36.08, 16.99, 37.36, 11.06, 22.85, 19.81, 22.85, 9.84, 21.23, 12.83, 0.00, 12.61],
        [32.95, 21.10, 12.31, 42.35, 33.02, 33.40, 43.64, 16.84, 48.26, 12.95, 18.78, 17.47, 15.27, 21.84, 33.27, 24.19, 12.61, 0.00]
    ]
    return Instance(
        n_nodes=18, n_uav=4, n_pipeline=12, n_docks=5,
        dist=dist, travel_cost=1.0, Q=80.0, R=80.0,
        q=[0.0, 3.0, 3.0, 3.0, 3.0, 3.0, 3.0, 3.0, 3.0, 3.0, 3.0, 3.0, 3.0, 0.0, 0.0, 0.0, 0.0, 0.0],
        fixed_cost=[0.0, 0.0, 0.0, 0.0, 0.0, 0.0, 0.0, 0.0, 0.0, 0.0, 0.0, 0.0, 0.0, 21.3, 29.9, 13.2, 34.0, 26.9]
    )

# Instance L2: |P|=15, |D|=5, K=4, Q=80 [scale=0.6]
def build_instance_L2():
    dist = [
        [0.00, 21.51, 49.94, 48.97, 57.26, 18.32, 23.58, 23.82, 31.94, 53.93, 49.94, 56.49, 18.74, 51.37, 48.88, 57.01, 39.64, 48.49, 24.71, 26.79, 16.16],
        [21.51, 0.00, 29.81, 28.90, 40.61, 12.49, 3.84, 7.42, 13.16, 38.27, 28.71, 34.99, 6.49, 29.86, 30.89, 35.78, 19.97, 30.65, 4.02, 7.02, 17.18],
        [49.94, 29.81, 0.00, 26.97, 16.71, 33.28, 29.96, 26.16, 29.10, 17.65, 19.59, 16.32, 31.21, 14.16, 8.53, 10.48, 10.32, 9.00, 25.91, 23.34, 38.14],
        [48.97, 28.90, 26.97, 0.00, 43.68, 40.16, 25.80, 32.07, 17.07, 44.27, 7.82, 16.01, 34.72, 13.85, 34.62, 22.81, 26.32, 34.91, 27.66, 27.89, 45.43],
        [57.26, 40.61, 16.71, 43.68, 0.00, 39.00, 42.06, 34.62, 43.82, 4.37, 36.25, 31.68, 39.46, 30.60, 10.22, 24.22, 21.73, 10.27, 36.62, 33.58, 42.46],
        [18.32, 12.49, 33.28, 40.16, 39.00, 0.00, 16.32, 8.40, 25.53, 35.62, 38.44, 43.02, 6.00, 38.03, 31.00, 41.74, 23.09, 30.56, 12.53, 12.61, 5.40],
        [23.58, 3.84, 29.96, 25.80, 42.06, 16.32, 0.00, 10.73, 9.49, 40.05, 26.38, 33.28, 10.32, 28.21, 32.07, 34.88, 20.72, 31.90, 6.12, 9.02, 20.93],
        [23.82, 7.42, 26.16, 32.07, 34.62, 8.40, 10.73, 0.00, 18.69, 31.88, 30.05, 34.72, 5.09, 29.70, 25.46, 33.88, 15.84, 25.13, 5.09, 4.24, 13.80],
        [31.94, 13.16, 29.10, 17.07, 43.82, 25.53, 9.49, 18.69, 0.00, 42.71, 19.47, 27.61, 19.59, 22.93, 33.61, 31.12, 22.23, 33.60, 13.60, 15.37, 30.34],
        [53.93, 38.27, 17.65, 44.27, 4.37, 35.62, 40.05, 31.88, 42.71, 0.00, 37.15, 33.52, 36.56, 31.81, 9.69, 26.43, 20.48, 9.49, 34.36, 31.30, 38.80],
        [49.94, 28.71, 19.59, 7.82, 36.25, 38.44, 26.38, 30.05, 19.47, 37.15, 0.00, 8.86, 33.65, 6.03, 27.63, 15.05, 20.80, 27.97, 26.46, 25.83, 43.84],
        [56.49, 34.99, 16.32, 16.01, 31.68, 43.02, 33.28, 34.72, 27.61, 33.52, 8.86, 0.00, 39.00, 5.13, 24.84, 7.80, 21.90, 25.32, 32.07, 30.72, 48.37],
        [18.74, 6.49, 31.21, 34.72, 39.46, 6.00, 10.32, 5.09, 19.59, 36.56, 33.65, 39.00, 0.00, 33.91, 30.48, 38.64, 20.90, 30.13, 7.20, 8.36, 10.82],
        [51.37, 29.86, 14.16, 13.85, 30.60, 38.03, 28.21, 29.70, 22.93, 31.81, 6.03, 5.13, 33.91, 0.00, 22.52, 9.18, 17.65, 22.93, 26.95, 25.65, 43.40],
        [48.88, 30.89, 8.53, 34.62, 10.22, 31.00, 32.07, 25.46, 33.61, 9.69, 27.63, 24.84, 30.48, 22.52, 0.00, 18.52, 11.54, 0.60, 26.87, 23.89, 35.16],
        [57.01, 35.78, 10.48, 22.81, 24.22, 41.74, 34.88, 33.88, 31.12, 26.43, 15.05, 7.80, 38.64, 9.18, 18.52, 0.00, 18.95, 19.07, 32.31, 30.32, 46.90],
        [39.64, 19.97, 10.32, 26.32, 21.73, 23.09, 20.72, 15.84, 22.23, 20.48, 20.80, 21.90, 20.90, 17.65, 11.54, 18.95, 0.00, 11.46, 15.98, 13.21, 28.09],
        [48.49, 30.65, 9.00, 34.91, 10.27, 30.56, 31.90, 25.13, 33.60, 9.49, 27.97, 25.32, 30.13, 22.93, 0.60, 19.07, 11.46, 0.00, 26.63, 23.64, 34.68],
        [24.71, 4.02, 25.91, 27.66, 36.62, 12.53, 6.12, 5.09, 13.60, 34.36, 26.46, 32.07, 7.20, 26.95, 26.87, 32.31, 15.98, 26.63, 0.00, 3.06, 17.77],
        [26.79, 7.02, 23.34, 27.89, 33.58, 12.61, 9.02, 4.24, 15.37, 31.30, 25.83, 30.72, 8.36, 25.65, 23.89, 30.32, 13.21, 23.64, 3.06, 0.00, 18.01],
        [16.16, 17.18, 38.14, 45.43, 42.46, 5.40, 20.93, 13.80, 30.34, 38.80, 43.84, 48.37, 10.82, 43.40, 35.16, 46.90, 28.09, 34.68, 17.77, 18.01, 0.00]
    ]
    return Instance(
        n_nodes=21, n_uav=4, n_pipeline=15, n_docks=5,
        dist=dist, travel_cost=1.0, Q=80.0, R=80.0,
        q=[0.0, 3.0, 3.0, 3.0, 3.0, 3.0, 3.0, 3.0, 3.0, 3.0, 3.0, 3.0, 3.0, 3.0, 3.0, 3.0, 0.0, 0.0, 0.0, 0.0, 0.0],
        fixed_cost=[0.0, 0.0, 0.0, 0.0, 0.0, 0.0, 0.0, 0.0, 0.0, 0.0, 0.0, 0.0, 0.0, 0.0, 0.0, 0.0, 24.9, 31.4, 33.6, 24.1, 28.0]
    )

# Instance L3: |P|=20, |D|=6, K=5, Q=100 [scale=0.6]
def build_instance_L3():
    dist = [
        [0.00, 83.05, 65.10, 69.07, 54.27, 56.92, 69.66, 68.64, 51.13, 31.15, 57.61, 63.70, 71.39, 37.38, 42.93, 37.15, 17.73, 28.68, 81.46, 68.37, 83.78, 30.55, 33.28, 44.25, 43.12, 46.96, 39.07],
        [83.05, 0.00, 42.60, 43.10, 33.63, 27.63, 28.96, 22.87, 35.68, 56.16, 30.72, 60.86, 24.74, 50.09, 42.48, 46.70, 66.19, 54.41, 6.49, 15.04, 17.40, 52.68, 50.98, 54.95, 49.78, 44.10, 58.36],
        [65.10, 42.60, 0.00, 68.89, 47.10, 25.58, 57.01, 50.19, 45.89, 34.28, 47.25, 80.38, 54.47, 28.82, 27.13, 33.47, 48.13, 41.92, 46.59, 37.99, 56.62, 43.95, 35.13, 63.49, 56.80, 53.29, 63.33],
        [69.07, 43.10, 68.89, 0.00, 22.85, 43.32, 14.26, 21.21, 25.24, 57.53, 21.82, 18.69, 18.41, 55.01, 48.96, 47.19, 58.51, 48.00, 36.97, 34.12, 29.41, 43.80, 50.32, 25.53, 26.05, 23.43, 30.89],
        [54.27, 33.63, 47.10, 22.85, 0.00, 21.74, 16.16, 14.45, 3.23, 36.02, 3.39, 33.62, 17.19, 32.67, 26.21, 25.21, 40.11, 28.28, 29.80, 19.28, 29.71, 24.74, 28.86, 21.63, 16.16, 10.48, 24.74],
        [56.92, 27.63, 25.58, 43.32, 21.74, 0.00, 31.99, 25.63, 20.99, 28.58, 21.67, 55.32, 30.00, 22.47, 14.90, 19.81, 39.48, 28.45, 28.30, 15.78, 35.58, 27.89, 23.89, 40.41, 33.79, 29.31, 41.54],
        [69.66, 28.96, 57.01, 14.26, 16.16, 31.99, 0.00, 7.22, 19.37, 51.88, 13.32, 32.00, 4.24, 48.00, 40.91, 40.96, 56.18, 44.42, 23.00, 20.38, 17.28, 40.80, 44.80, 30.79, 28.00, 23.05, 35.52],
        [68.64, 22.87, 50.19, 21.21, 14.45, 25.63, 7.22, 0.00, 17.52, 48.03, 11.06, 38.14, 4.37, 43.54, 36.08, 37.11, 53.94, 41.87, 17.49, 13.16, 15.27, 38.70, 41.21, 33.43, 29.33, 23.80, 37.57],
        [51.13, 35.68, 45.89, 25.24, 3.23, 20.99, 19.37, 17.52, 0.00, 33.00, 6.49, 34.49, 20.40, 29.89, 23.74, 22.27, 36.88, 25.06, 32.23, 20.96, 32.74, 21.51, 25.81, 20.48, 14.45, 9.02, 23.00],
        [31.15, 56.16, 34.28, 57.53, 36.02, 28.58, 51.88, 48.03, 33.00, 0.00, 38.57, 61.19, 51.90, 6.49, 13.68, 10.95, 13.85, 11.53, 56.19, 42.95, 61.52, 15.65, 7.22, 40.34, 34.91, 34.78, 37.68],
        [57.61, 30.72, 47.25, 21.82, 3.39, 21.67, 13.32, 11.06, 6.49, 38.57, 0.00, 34.38, 13.96, 34.85, 28.01, 27.66, 43.25, 31.32, 26.63, 16.81, 26.32, 27.91, 31.48, 24.27, 19.17, 13.48, 27.70],
        [63.70, 60.86, 80.38, 18.69, 33.62, 55.32, 32.00, 38.14, 34.49, 61.19, 34.38, 0.00, 36.24, 60.61, 56.41, 52.60, 57.79, 50.03, 55.00, 49.93, 48.06, 45.69, 54.49, 21.26, 26.30, 27.74, 25.46],
        [71.39, 24.74, 54.47, 18.41, 17.19, 30.00, 4.24, 4.37, 20.40, 51.90, 13.96, 36.24, 0.00, 47.59, 40.22, 40.95, 57.20, 45.24, 18.75, 17.06, 13.70, 41.87, 44.97, 34.09, 30.73, 25.47, 38.61],
        [37.38, 50.09, 28.82, 55.01, 32.67, 22.47, 48.00, 43.54, 29.89, 6.49, 34.85, 60.61, 47.59, 0.00, 7.80, 8.05, 19.79, 13.71, 50.45, 37.34, 56.38, 16.81, 7.00, 40.49, 34.46, 33.28, 38.63],
        [42.93, 42.48, 27.13, 48.96, 26.21, 14.90, 40.91, 36.08, 23.74, 13.68, 28.01, 56.41, 40.22, 7.80, 0.00, 6.60, 25.24, 15.70, 42.67, 29.55, 48.63, 16.97, 9.69, 37.49, 31.00, 28.68, 36.63],
        [37.15, 46.70, 33.47, 47.19, 25.21, 19.81, 40.96, 37.11, 22.27, 10.95, 27.66, 52.60, 40.95, 8.05, 6.60, 0.00, 19.68, 9.18, 46.11, 32.79, 50.82, 10.48, 4.33, 32.69, 26.52, 25.23, 31.21],
        [17.73, 66.19, 48.13, 58.51, 40.11, 39.48, 56.18, 53.94, 36.88, 13.85, 43.25, 57.79, 57.20, 19.79, 25.24, 19.68, 0.00, 12.15, 65.15, 51.87, 68.63, 15.38, 15.65, 36.60, 33.01, 35.13, 32.47],
        [28.68, 54.41, 41.92, 48.00, 28.28, 28.45, 44.42, 41.87, 25.06, 11.53, 31.32, 50.03, 45.24, 13.71, 15.70, 9.18, 12.15, 0.00, 53.12, 39.89, 56.49, 4.37, 6.84, 28.98, 23.91, 24.67, 26.16],
        [81.46, 6.49, 46.59, 36.97, 29.80, 28.30, 23.00, 17.49, 32.23, 56.19, 26.63, 55.00, 18.75, 50.45, 42.67, 46.11, 65.15, 53.12, 0.00, 13.32, 11.16, 50.92, 50.43, 50.52, 45.79, 40.11, 54.29],
        [68.37, 15.04, 37.99, 34.12, 19.28, 15.78, 20.38, 13.16, 20.96, 42.95, 16.81, 49.93, 17.06, 37.34, 29.55, 32.79, 51.87, 39.89, 13.32, 0.00, 19.84, 37.88, 37.11, 40.91, 35.31, 29.70, 43.90],
        [83.78, 17.40, 56.62, 29.41, 29.71, 35.58, 17.28, 15.27, 32.74, 61.52, 26.32, 48.06, 13.70, 56.38, 48.63, 50.82, 68.63, 56.49, 11.16, 19.84, 0.00, 53.59, 55.07, 47.79, 44.29, 38.89, 52.28],
        [30.55, 52.68, 43.95, 43.80, 24.74, 27.89, 40.80, 38.70, 21.51, 15.65, 27.91, 45.69, 41.87, 16.81, 16.97, 10.48, 15.38, 4.37, 50.92, 37.88, 53.59, 0.00, 9.84, 24.71, 19.54, 20.41, 22.13],
        [33.28, 50.98, 35.13, 50.32, 28.86, 23.89, 44.80, 41.21, 25.81, 7.22, 31.48, 54.49, 44.97, 7.00, 9.69, 4.33, 15.65, 6.84, 50.43, 37.11, 55.07, 9.84, 0.00, 33.97, 28.21, 27.70, 31.82],
        [44.25, 54.95, 63.49, 25.53, 21.63, 40.41, 30.79, 33.43, 20.48, 40.34, 24.27, 21.26, 34.09, 40.49, 37.49, 32.69, 36.60, 28.98, 50.52, 40.91, 47.79, 24.71, 33.97, 0.00, 6.71, 11.46, 5.37],
        [43.12, 49.78, 56.80, 26.05, 16.16, 33.79, 28.00, 29.33, 14.45, 34.91, 19.17, 26.30, 30.73, 34.46, 31.00, 26.52, 33.01, 23.91, 45.79, 35.31, 44.29, 19.54, 28.21, 6.71, 0.00, 5.69, 8.59],
        [46.96, 44.10, 53.29, 23.43, 10.48, 29.31, 23.05, 23.80, 9.02, 34.78, 13.48, 27.74, 25.47, 33.28, 28.68, 25.23, 35.13, 24.67, 40.11, 29.70, 38.89, 20.41, 27.70, 11.46, 5.69, 0.00, 14.26],
        [39.07, 58.36, 63.33, 30.89, 24.74, 41.54, 35.52, 37.57, 23.00, 37.68, 27.70, 25.46, 38.61, 38.63, 36.63, 31.21, 32.47, 26.16, 54.29, 43.90, 52.28, 22.13, 31.82, 5.37, 8.59, 14.26, 0.00]
    ]
    return Instance(
        n_nodes=27, n_uav=5, n_pipeline=20, n_docks=6,
        dist=dist, travel_cost=1.0, Q=100.0, R=100.0,
        q=[0.0, 3.0, 3.0, 3.0, 3.0, 3.0, 3.0, 3.0, 3.0, 3.0, 3.0, 3.0, 3.0, 3.0, 3.0, 3.0, 3.0, 3.0, 3.0, 3.0, 3.0, 0.0, 0.0, 0.0, 0.0, 0.0, 0.0],
        fixed_cost=[0.0, 0.0, 0.0, 0.0, 0.0, 0.0, 0.0, 0.0, 0.0, 0.0, 0.0, 0.0, 0.0, 0.0, 0.0, 0.0, 0.0, 0.0, 0.0, 0.0, 0.0, 15.6, 33.9, 29.6, 15.7, 13.5, 30.5]
    )

INSTANCES = {
    'S1': build_instance_S1, 'S2': build_instance_S2, 'S3': build_instance_S3,
    'M1': build_instance_M1, 'M2': build_instance_M2, 'M3': build_instance_M3,
    'L1': build_instance_L1, 'L2': build_instance_L2, 'L3': build_instance_L3,
}
